20.0811 735
20.1002 791
20.1193 733
20.1384 746
20.1575 750
20.1766 813
20.1957 814
20.2148 765
20.2339 746
20.253  802
20.2721 775
20.2912 780
20.3103 765
20.3294 753
20.3485 835
20.3676 805
20.3867 798
20.4058 809
20.4249 814
20.444  797
20.4631 866
20.4822 825
20.5013 840
20.5204 794
20.5395 803
20.5586 855
20.5777 836
20.5968 844
20.6159 854
20.635  833
20.6541 851
20.6732 825
20.6923 811
20.7114 902
20.7305 846
20.7496 867
20.7687 849
20.7878 868
20.8069 856
20.826  851
20.8451 867
20.8642 800
20.8833 837
20.9024 846
20.9215 851
20.9406 921
20.9597 905
20.9788 806
20.9979 848
21.017  898
21.0361 925
21.0552 882
21.0743 890
21.0934 870
21.1125 889
21.1316 871
21.1507 891
21.1698 915
21.1889 898
21.208  893
21.2271 948
21.2462 886
21.2653 973
21.2844 952
21.3035 1023
21.3226 991
21.3417 1037
21.3608 1037
21.3799 1051
21.399  1109
21.4181 1181
21.4372 1203
21.4563 1438
21.4754 1526
21.4945 1728
21.5136 2081
21.5327 2332
21.5518 2850
21.5709 3200
21.59 3294
21.6091 3534
21.6282 3635
21.6473 3697
21.6664 3538
21.6855 3096
21.7046 2604
21.7237 2283
21.7428 1767
21.7619 1482
21.781  1273
21.8001 1187
21.8192 1170
21.8383 1157
21.8574 1057
21.8765 1005
21.8956 977
21.9147 1041
21.9338 972
21.9529 969
21.972  922
21.9911 970
22.0102 900
22.0293 952
22.0484 944
22.0675 951
22.0866 961
22.1057 961
22.1248 927
22.1439 889
22.163  957
22.1821 934
22.2012 941
22.2203 890
22.2394 936
22.2585 890
22.2776 879
22.2967 904
22.3158 893
22.3349 940
22.354  916
22.3731 877
22.3922 856
22.4113 924
22.4304 929
22.4495 869
22.4686 858
22.4877 915
22.5068 971
22.5259 856
22.545  901
22.5641 874
22.5832 859
22.6023 895
22.6214 847
22.6405 865
22.6596 893
22.6787 908
22.6978 863
22.7169 900
22.736  892
22.7551 908
22.7742 866
22.7933 976
22.8124 909
22.8315 879
22.8506 937
22.8697 873
22.8888 823
22.9079 849
22.927  873
22.9461 882
22.9652 857
22.9843 840
23.0034 894
23.0225 854
23.0416 894
23.0607 877
23.0798 898
23.0989 958
23.118  848
23.1371 873
23.1562 873
23.1753 886
23.1944 869
23.2135 866
23.2326 849
23.2517 884
23.2708 881
23.2899 872
23.309  866
23.3281 814
23.3472 878
23.3663 869
23.3854 830
23.4045 850
23.4236 885
23.4427 875
23.4618 856
23.4809 883
23.5  831
23.5191 810
23.5382 859
23.5573 873
23.5764 826
23.5955 807
23.6146 849
23.6337 849
23.6528 812
23.6719 783
23.691  858
23.7101 832
23.7292 803
23.7483 822
23.7674 816
23.7865 835
23.8056 814
23.8247 878
23.8438 813
23.8629 828
23.882  839
23.9011 769
23.9202 800
23.9393 819
23.9584 871
23.9775 837
23.9966 820
24.0157 789
24.0348 812
24.0539 786
24.073  835
24.0921 828
24.1112 770
24.1303 845
24.1494 788
24.1685 813
24.1876 805
24.2067 808
24.2258 777
24.2449 786
24.264  804
24.2831 845
24.3022 779
24.3213 813
24.3404 812
24.3595 795
24.3786 773
24.3977 862
24.4168 810
24.4359 762
24.455  795
24.4741 832
24.4932 775
24.5123 826
24.5314 760
24.5505 809
24.5696 812
24.5887 827
24.6078 789
24.6269 816
24.646  800
24.6651 805
24.6842 788
24.7033 812
24.7224 818
24.7415 793
24.7606 781
24.7797 800
24.7988 815
24.8179 796
24.837  750
24.8561 752
24.8752 764
24.8943 761
24.9134 764
24.9325 812
24.9516 824
24.9707 724
24.9898 753
25.0089 777
25.028  761
25.0471 751
25.0662 791
25.0853 748
25.1044 735
25.1235 715
25.1426 752
25.1617 749
25.1808 716
25.1999 696
25.219  736
25.2381 745
25.2572 736
25.2763 773
25.2954 719
25.3145 740
25.3336 735
25.3527 749
25.3718 743
25.3909 767
25.41 743
25.4291 770
25.4482 818
25.4673 854
25.4864 841
25.5055 882
25.5246 987
25.5437 1195
25.5628 1438
25.5819 1677
25.601  1772
25.6201 1824
25.6392 1764
25.6583 1501
25.6774 1397
25.6965 1223
25.7156 1075
25.7347 1029
25.7538 919
25.7729 828
25.792  820
25.8111 829
25.8302 788
25.8493 717
25.8684 746
25.8875 702
25.9066 710
25.9257 753
25.9448 727
25.9639 680
25.983  680
26.0021 663
26.0212 632
26.0403 717
26.0594 676
26.0785 676
26.0976 657
26.1167 699
26.1358 690
26.1549 667
26.174  665
26.1931 675
26.2122 708
26.2313 694
26.2504 714
26.2695 664
26.2886 662
26.3077 694
26.3268 640
26.3459 719
26.365  664
26.3841 698
26.4032 653
26.4223 624
26.4414 692
26.4605 644
26.4796 602
26.4987 734
26.5178 694
26.5369 654
26.556  623
26.5751 651
26.5942 657
26.6133 654
26.6324 640
26.6515 648
26.6706 596
26.6897 579
26.7088 642
26.7279 662
26.747  643
26.7661 600
26.7852 578
26.8043 609
26.8234 617
26.8425 642
26.8616 590
26.8807 622
26.8998 664
26.9189 634
26.938  634
26.9571 638
26.9762 647
26.9953 642
27.0144 643
27.0335 598
27.0526 676
27.0717 614
27.0908 619
27.1099 664
27.129  652
27.1481 674
27.1672 665
27.1863 667
27.2054 726
27.2245 701
27.2436 795
27.2627 781
27.2818 844
27.3009 899
27.32 967
27.3391 1017
27.3582 1159
27.3773 1376
27.3964 1630
27.4155 2015
27.4346 2398
27.4537 2750
27.4728 2935
27.4919 3243
27.511  3328
27.5301 3268
27.5492 3122
27.5683 2777
27.5874 2459
27.6065 2118
27.6256 1870
27.6447 1564
27.6638 1386
27.6829 1230
27.702  1085
27.7211 957
27.7402 884
27.7593 815
27.7784 739
27.7975 749
27.8166 737
27.8357 685
27.8548 657
27.8739 715
27.893  651
27.9121 629
27.9312 602
27.9503 592
27.9694 562
27.9885 596
28.0076 600
28.0267 570
28.0458 590
28.0649 574
28.084  539
28.1031 581
28.1222 583
28.1413 573
28.1604 521
28.1795 542
28.1986 573
28.2177 502
28.2368 507
28.2559 571
28.275  557
28.2941 526
28.3132 574
28.3323 537
28.3514 507
28.3705 518
28.3896 486
28.4087 547
28.4278 511
28.4469 526
28.466  514
28.4851 517
28.5042 485
28.5233 488
28.5424 538
28.5615 534
28.5806 545
28.5997 515
28.6188 547
28.6379 529
28.657  488
28.6761 482
28.6952 484
28.7143 498
28.7334 504
28.7525 499
28.7716 500
28.7907 509
28.8098 520
28.8289 493
28.848  466
28.8671 471
28.8862 484
28.9053 461
28.9244 509
28.9435 463
28.9626 481
28.9817 462
29.0008 476
29.0199 462
29.039  459
29.0581 504
29.0772 480
29.0963 451
29.1154 433
29.1345 536
29.1536 481
29.1727 496
29.1918 473
29.2109 493
29.23 495
29.2491 511
29.2682 488
29.2873 453
29.3064 459
29.3255 450
29.3446 504
29.3637 467
29.3828 469
29.4019 515
29.421  471
29.4401 470
29.4592 453
29.4783 484
29.4974 530
29.5165 455
29.5356 528
29.5547 478
29.5738 453
29.5929 459
29.612  493
29.6311 487