	G_PS
549.8	0.146511184338493
551.729	0.146618184338493
553.658	0.130976184338492
555.588	0.126296184338492
557.517	0.146501184338493
559.446	0.153645184338493
561.375	0.136167184338493
563.304	0.124669184338493
565.233	0.116894184338493
567.162	0.106834684338493
569.091	0.116210184338493
571.021	0.133928184338493
572.95	0.127997184338493
574.879	0.114158184338493
576.808	0.117559184338492
578.737	0.127171184338493
580.666	0.126854184338493
582.595	0.125863184338493
584.524	0.135252184338493
586.454	0.141885184338493
588.383	0.140439184338493
590.312	0.149994184338493
592.241	0.160061184338493
594.17	0.143794184338493
596.099	0.129859184338493
598.028	0.144905184338493
599.957	0.163359184338493
601.887	0.158425184338493
603.816	0.144906184338493
605.745	0.142937184338493
607.674	0.149993184338493
609.603	0.145226184338493
611.532	0.124470184338493
613.461	0.109578084338493
615.39	0.105229884338493
617.32	0.101593084338492
619.249	0.103576984338493
621.178	0.106690984338492
623.107	0.0934290843384926
625.036	0.0769710843384925
626.965	0.0806035843384927
628.894	0.0929363843384925
630.823	0.0946098843384928
632.753	0.0926134843384925
634.682	0.0946098843384928
636.611	0.0949029843384928
638.54	0.0974558843384927
640.469	0.107119684338493
642.398	0.110048684338492
644.327	0.100470184338493
646.256	0.0955469843384926
648.186	0.102502584338493
650.115	0.107893484338493
652.044	0.101707184338493
653.973	0.0917106843384925
655.902	0.0889761843384926
657.831	0.0920977843384927
659.76	0.0938823843384928
661.689	0.0948855843384928
663.619	0.0963341843384926
665.548	0.0977874843384927
667.477	0.0992453843384928
669.406	0.100707884338493
671.335	0.102175184338493
673.264	0.103647184338493
675.193	0.104256784338493
677.122	0.104894284338493
679.052	0.105579984338493
680.981	0.0997989843384928
682.91	0.0936673843384925
684.839	0.0990679843384927
686.768	0.110879484338493
688.697	0.116165184338493
690.626	0.111632684338493
692.555	0.103877484338493
694.485	0.100289284338493
696.414	0.0993688843384928
698.343	0.0954157843384928
700.272	0.0921882843384925
702.201	0.0952731843384926
704.13	0.100555284338493
706.059	0.102707684338493
707.988	0.102114484338493
709.917	0.101177384338493
711.847	0.102872184338493
713.776	0.108439784338493
715.705	0.114438184338493
717.634	0.116724184338493
719.563	0.116537184338493
721.492	0.118925184338493
723.421	0.122368184338493
725.35	0.119672184338492
727.28	0.114109184338492
729.209	0.115706184338493
731.138	0.122165184338493
733.067	0.125853184338493
734.996	0.129480184338493
736.925	0.136035184338493
738.854	0.141484184338493
740.783	0.144763184338493
742.713	0.147220184338493
744.642	0.147280184338493
746.571	0.145379184338493
748.5	0.142985184338493
750.429	0.139331184338493
752.358	0.136661184338493
754.287	0.136982184338493
756.216	0.136641184338492
758.146	0.135766184338493
760.075	0.138613184338493
762.004	0.141499184338493
763.933	0.139576184338493
765.862	0.136725184338493
767.791	0.135641184338493
769.72	0.134742184338493
771.649	0.134329184338493
773.579	0.133937184338492
775.508	0.133254184338492
777.437	0.134755184338493
779.366	0.137140184338493
781.295	0.137654184338493
783.224	0.140182184338493
785.153	0.147940184338493
787.082	0.157948184338493
789.012	0.169983184338493
790.941	0.187992184338493
792.87	0.210447184338493
794.799	0.229820184338493
796.728	0.243351184338493
798.657	0.257467184338493
800.586	0.277394184338493
802.515	0.298372184338493
804.445	0.314279184338492
806.374	0.329065184338492
808.303	0.348787184338493
810.232	0.371276184338492
812.161	0.392453184338493
814.09	0.411274184338493
816.019	0.427587184338492
817.948	0.449867184338493
819.878	0.492715184338492
821.807	0.558537184338493
823.736	0.641710184338493
825.665	0.743463184338493
827.594	0.856249184338493
829.523	0.970631184338492
831.452	1.13091518433849
833.381	1.42679518433849
835.311	1.96117518433849
837.24	2.01375518433849
839.169	1.33996518433849
841.098	0.931108184338493
843.027	0.701983184338493
844.956	0.564812184338493
846.885	0.457240184338493
848.814	0.366874184338493
850.744	0.310051184338493
852.673	0.288543184338493
854.602	0.286298184338493
856.531	0.290550184338493
858.46	0.304384184338493
860.389	0.339612184338493
862.318	0.406181184338493
864.247	0.512044184338493
866.177	0.672591184338493
868.106	0.916436184338493
870.035	1.25297518433849
871.964	1.49523518433849
873.893	1.38742518433849
875.822	1.17797518433849
877.751	0.974774184338493
879.68	0.800504184338493
881.609	0.675688184338493
883.539	0.586002184338493
885.468	0.506818184338492
887.397	0.430467184338493
889.326	0.359168184338493
891.255	0.296116184338493
893.184	0.245474184338493
895.113	0.208773184338493
897.042	0.183892184338493
898.972	0.167378184338493
900.901	0.155130184338493
902.83	0.144436184338493
904.759	0.135885184338493
906.688	0.129879184338493
908.617	0.123558184338493
910.546	0.115002184338493
912.475	0.107225284338492
914.405	0.102505784338493
916.334	0.0973066843384927
918.263	0.0900327843384927
920.192	0.0863551843384927
922.121	0.0884506843384925
924.05	0.0893232843384926
925.979	0.0844526843384927
927.908	0.0780816843384926
929.838	0.0747825843384926
931.767	0.0747984843384928
933.696	0.0757702843384926
935.625	0.0747332843384925
937.554	0.0726587843384925
939.483	0.0743410843384926
941.412	0.0796799843384925
943.341	0.0826483843384929
945.271	0.0811621843384924
947.2	0.0787223843384925
949.129	0.0767088843384927
951.058	0.0736992843384927
952.987	0.0706844843384928
954.916	0.0704574843384926
956.845	0.0722151843384928
958.774	0.0725793843384928
960.704	0.0720623843384924
962.633	0.0730506843384928
964.562	0.0741083843384929
966.491	0.0746295843384925
968.42	0.0776775843384927
970.349	0.0829589843384926
972.278	0.0874840843384925
974.207	0.0914683843384925
976.137	0.0947285843384926
978.066	0.0956936843384928
979.995	0.0967176843384925
981.924	0.100127184338493
983.853	0.103770284338493
985.782	0.106868584338493
987.711	0.111413584338492
989.64	0.116407184338493
991.57	0.119506184338493
993.499	0.122271184338492
995.428	0.127171184338493
997.357	0.132822184338492
999.286	0.136709184338493
1001.22	0.139550184338493
1003.14	0.143821184338492
1005.07	0.150486184338493
1007	0.158267184338493
1008.93	0.164443184338493
1010.86	0.168015184338493
1012.79	0.172157184338493
1014.72	0.179884184338493
1016.65	0.189470184338493
1018.58	0.197733184338493
1020.51	0.204508184338493
1022.44	0.211212184338493
1024.36	0.218213184338492
1026.29	0.224835184338493
1028.22	0.230335184338493
1030.15	0.234830184338493
1032.08	0.239467184338493
1034.01	0.245604184338493
1035.94	0.253804184338493
1037.87	0.263422184338493
1039.8	0.273450184338493
1041.73	0.283117184338493
1043.66	0.291205184338493
1045.58	0.298113184338493
1047.51	0.307786184338493
1049.44	0.321410184338493
1051.37	0.333204184338493
1053.3	0.339517184338493
1055.23	0.343942184338493
1057.16	0.348640184338493
1059.09	0.351176184338493
1061.02	0.349824184338493
1062.95	0.346058184338493
1064.88	0.345006184338493
1066.81	0.351747184338493
1068.73	0.364092184338493
1070.66	0.374414184338493
1072.59	0.379005184338493
1074.52	0.380148184338493
1076.45	0.380445184338493
1078.38	0.379202184338493
1080.31	0.375718184338492
1082.24	0.373218184338493
1084.17	0.373892184338493
1086.1	0.374925184338493
1088.03	0.374431184338493
1089.95	0.373749184338493
1091.88	0.373750184338493
1093.81	0.376021184338493
1095.74	0.382373184338493
1097.67	0.389949184338493
1099.6	0.394527184338493
1101.53	0.398639184338493
1103.46	0.407744184338493
1105.39	0.419923184338493
1107.32	0.430149184338493
1109.25	0.442248184338493
1111.18	0.459958184338493
1113.1	0.473671184338493
1115.03	0.477224184338493
1116.96	0.481788184338493
1118.89	0.495146184338493
1120.82	0.511130184338493
1122.75	0.524314184338493
1124.68	0.537823184338493
1126.61	0.556649184338493
1128.54	0.580151184338493
1130.47	0.604080184338493
1132.4	0.631949184338493
1134.32	0.670196184338493
1136.25	0.712138184338493
1138.18	0.750921184338492
1140.11	0.797114184338493
1142.04	0.855388184338493
1143.97	0.909171184338493
1145.9	0.951197184338493
1147.83	1.00034418433849
1149.76	1.06728518433849
1151.69	1.12189518433849
1153.62	1.12399518433849
1155.55	1.09630518433849
1157.47	1.07991518433849
1159.4	1.06273518433849
1161.33	1.01794518433849
1163.26	0.961961184338493
1165.19	0.918912184338493
1167.12	0.882034184338492
1169.05	0.834897184338493
1170.98	0.779316184338493
1172.91	0.727999184338493
1174.84	0.686818184338493
1176.77	0.653672184338493
1178.69	0.625718184338492
1180.62	0.599898184338493
1182.55	0.570091184338493
1184.48	0.534978184338493
1186.41	0.502925184338493
1188.34	0.479211184338493
1190.27	0.459535184338493
1192.2	0.440143184338492
1194.13	0.421735184338492
1196.06	0.404004184338493
1197.99	0.386519184338493
1199.91	0.370797184338493
1201.84	0.357330184338493
1203.77	0.345662184338493
1205.7	0.336611184338492
1207.63	0.329773184338493
1209.56	0.321472184338492
1211.49	0.310534184338493
1213.42	0.302152184338493
1215.35	0.298734184338493
1217.28	0.294389184338493
1219.21	0.286204184338493
1221.14	0.279635184338493
1223.06	0.277512184338493
1224.99	0.276811184338493
1226.92	0.275459184338493
1228.85	0.273594184338493
1230.78	0.272229184338493
1232.71	0.272301184338493
1234.64	0.271511184338493
1236.57	0.267407184338493
1238.5	0.262967184338493
1240.43	0.261375184338493
1242.36	0.260998184338493
1244.28	0.259972184338493
1246.21	0.257770184338493
1248.14	0.253092184338493
1250.07	0.247051184338493
1252	0.242625184338493
1253.93	0.238736184338493
1255.86	0.233415184338493
1257.79	0.229820184338493
1259.72	0.231137184338493
1261.65	0.235645184338493
1263.58	0.240886184338493
1265.51	0.246758184338493
1267.43	0.253950184338493
1269.36	0.262235184338492
1271.29	0.268449184338493
1273.22	0.268754184338493
1275.15	0.264274184338493
1277.08	0.258210184338493
1279.01	0.250744184338493
1280.94	0.241098184338493
1282.87	0.230291184338493
1284.8	0.220415184338493
1286.73	0.211776184338493
1288.65	0.201820184338493
1290.58	0.189643184338493
1292.51	0.178126184338493
1294.44	0.169053184338493
1296.37	0.161032184338493
1298.3	0.152332184338493
1300.23	0.143467184338493
1302.16	0.136507184338493
1304.09	0.131634184338493
1306.02	0.126868184338492
1307.95	0.121781184338493
1309.87	0.117640184338493
1311.8	0.115083184338493
1313.73	0.114014184338493
1315.66	0.113266384338492
1317.59	0.111980184338492
1319.52	0.111826584338492
1321.45	0.113204684338493
1323.38	0.112860184338493
1325.31	0.109596384338493
1327.24	0.105645684338493
1329.17	0.101870084338493
1331.1	0.0978239843384925
1333.02	0.0946272843384928
1334.95	0.0922229843384925
1336.88	0.0875282843384926
1338.81	0.0801556843384925
1340.74	0.0762510843384927
1342.67	0.0778232843384927
1344.6	0.0799047843384928
1346.53	0.0794211843384924
1348.46	0.0774751843384927
1350.39	0.0767490843384926
1352.32	0.0773577843384925
1354.24	0.0764578843384927
1356.17	0.0745832843384928
1358.1	0.0758281843384925
1360.03	0.0775906843384928
1361.96	0.0746930843384925
1363.89	0.0742281843384927
1365.82	0.0823557843384926
1367.75	0.0939472843384928
1369.68	0.107956284338492
1371.61	0.125023184338493
1373.54	0.137724184338493
1375.47	0.143270184338493
1377.39	0.151358184338493
1379.32	0.160758184338493
1381.25	0.166087184338493
1383.18	0.173335184338493
1385.11	0.183129184338493
1387.04	0.187045184338493
1388.97	0.191325184338492
1390.9	0.205396184338493
1392.83	0.222071184338493
1394.76	0.232715184338493
1396.69	0.235493184338492
1398.61	0.233790184338493
1400.54	0.233955184338493
1402.47	0.235102184338493
1404.4	0.225703184338493
1406.33	0.207037184338493
1408.26	0.193966184338493
1410.19	0.181921184338492
1412.12	0.165744184338493
1414.05	0.157392184338493
1415.98	0.154922184338492
1417.91	0.141032184338493
1419.83	0.123397184338493
1421.76	0.121140184338493
1423.69	0.123916184338493
1425.62	0.126508184338493
1427.55	0.132967184338493
1429.48	0.141011184338493
1431.41	0.146250184338493
1433.34	0.146681184338493
1435.27	0.131858184338493
1437.2	0.101377584338493
1439.13	0.0854767843384927
1441.06	0.0831337843384925
1442.98	0.0805643843384924
1444.91	0.0783710843384928
1446.84	0.0767707843384926
1448.77	0.0725434843384924
1450.7	0.0727970843384926
1452.63	0.0829095843384926
1454.56	0.0951967843384929
1456.49	0.0868647843384927
1458.42	0.0585036843384925
1460.35	0.0580221843384927
1462.28	0.0702083843384926
1464.2	0.0708701843384927
1466.13	0.0603626843384926
1468.06	0.0620255843384925
1469.99	0.0705275843384925
1471.92	0.0653661843384925
1473.85	0.0465139843384925
1475.78	0.0411723843384926
1477.71	0.0438054843384927
1479.64	0.0444674843384925
1481.57	0.0433586843384925
1483.5	0.0454194843384927
1485.43	0.0527434843384929
1487.35	0.0577393843384928
1489.28	0.0475643843384925
1491.21	0.0374464843384925
1493.14	0.0436056843384924
1495.07	0.0537077843384925
1497	0.0506644843384927
1498.93	0.0379193843384926
1500.86	0.0389842843384924
1502.79	0.0515837843384928
1504.72	0.0638352843384928
1506.65	0.0517972843384928
1508.57	0.0236767943384928
1510.5	0.0254892843384926
1512.43	0.0398628843384925
1514.36	0.0506471843384926
1516.29	0.0524131843384925
1518.22	0.0506571843384926
1520.15	0.0452014843384925
1522.08	0.0360692843384927
1524.01	0.0321550843384926
1525.94	0.0301722843384926
1527.87	0.0319072843384927
1529.8	0.0409007843384925
1531.72	0.0452698843384924
1533.65	0.0367581843384928
1535.58	0.0373322843384925
1537.51	0.0527830843384924
1539.44	0.0576133843384925
1541.37	0.0315384843384927
1543.3	0.0217109243384925
1545.23	0.0262149843384925
1547.16	0.0331238843384924
1549.09	0.0408041843384925
1551.02	0.0438256843384925
1552.94	0.0456898843384925
1554.87	0.0570208843384927
1556.8	0.0666849843384925
1558.73	0.0380744843384928
1560.66	0.0145997743384925
1562.59	0.0220135243384925
1564.52	0.0344550843384925
1566.45	0.0426640843384924
1568.38	0.0398404843384927
1570.31	0.0324239843384926
1572.24	0.0382112843384927
1574.16	0.0487959843384926
1576.09	0.0423043843384927
1578.02	0.0294762843384926
1579.95	0.0325683843384925
1581.88	0.0378083843384927
1583.81	0.0371288843384927
1585.74	0.0367508843384927
1587.67	0.0382007843384926
1589.6	0.0387265843384927
1591.53	0.0403174843384928
1593.46	0.0415291843384926
1595.39	0.0400095843384927
1597.31	0.0396684843384927
1599.24	0.0410576843384924
1601.17	0.0400059843384928
1603.1	0.0369751843384925
1605.03	0.0363694843384925
1606.96	0.0375440843384927
1608.89	0.0358148843384924
1610.82	0.0351535843384925
1612.75	0.0427840843384928
1614.68	0.0499492843384926
1616.61	0.0408779843384925
1618.53	0.0339929843384925
1620.46	0.0414784843384925
1622.39	0.0439021843384926
1624.32	0.0376576843384928
1626.25	0.0363613843384925
1628.18	0.0356600843384927
1630.11	0.0373286843384926
1632.04	0.0480633843384926
1633.97	0.0546605843384929
1635.9	0.0373018843384925
1637.83	0.0235460343384926
1639.76	0.0297384843384925
1641.68	0.0423970843384929
1643.61	0.0551333843384927
1645.54	0.0544272843384928
1647.47	0.0388123843384927
1649.4	0.0432250843384927
1651.33	0.0558957843384928
1653.26	0.0349227843384927
1655.19	0.0137551843384927
1657.12	0.0285859843384926
1659.05	0.0452977843384925
1660.98	0.0477991843384928
1662.9	0.0406411843384928
1664.83	0.0439247843384925
1666.76	0.0534279843384926
1668.69	0.0519030843384924
1670.62	0.0406786843384928
1672.55	0.0418080843384927
1674.48	0.0450075843384927
1676.41	0.0398462843384926
1678.34	0.0440001843384925
1680.27	0.0609802843384926
1682.2	0.0686053843384928
1684.12	0.0465470843384925
1686.05	0.0351658843384928
1687.98	0.0401453843384925
1689.91	0.0445809843384928
1691.84	0.0512954843384925
1693.77	0.0606185843384925
1695.7	0.0638308843384925
1697.63	0.0574854843384927
1699.56	0.0507377843384926
1701.49	0.0505857843384927
1703.42	0.0552902843384926
1705.35	0.0590354843384926
1707.27	0.0596177843384926
1709.2	0.0619041843384927
1711.13	0.0687207843384927
1713.06	0.0779445843384927
1714.99	0.0805225843384925
1716.92	0.0622327843384927
1718.85	0.0445228843384928
1720.78	0.0461880843384925
1722.71	0.0524402843384926
1724.64	0.0556010843384929
1726.57	0.0605421843384928
1728.49	0.0727736843384927
1730.42	0.0865701843384925
1732.35	0.0830514843384926
1734.28	0.0612007843384927
1736.21	0.0586899843384927
1738.14	0.0708026843384926
1740.07	0.0751693843384929
1742	0.0702615843384926
1743.93	0.0697045843384925
1745.86	0.0730021843384927
1747.79	0.0708739843384927
1749.72	0.0609787843384928
1751.64	0.0546561843384925
1753.57	0.0562383843384926
1755.5	0.0586423843384924
1757.43	0.0588122843384928
1759.36	0.0579257843384928
1761.29	0.0534086843384927
1763.22	0.0481825843384924
1765.15	0.0504119843384925
1767.08	0.0570279843384927
1769.01	0.0619964843384926
1770.94	0.0617897843384925
1772.86	0.0525087843384928
1774.79	0.0461872843384925
1776.72	0.0509280843384925
1778.65	0.0551751843384927
1780.58	0.0532592843384925
1782.51	0.0537896843384926
1784.44	0.0556153843384926
1786.37	0.0558899843384926
1788.3	0.0620357843384927
1790.23	0.0685557843384927
1792.16	0.0600485843384928
1794.08	0.0509672843384927
1796.01	0.0574962843384927
1797.94	0.0658035843384925
1799.87	0.0643240843384927
1801.8	0.0585916843384928
1803.73	0.0580988843384929
1805.66	0.0612465843384928
1807.59	0.0626431843384925
1809.52	0.0608459843384925
1811.45	0.0603835843384926
1813.38	0.0652766843384929
1815.31	0.0716378843384926
1817.23	0.0731652843384927
1819.16	0.0726391843384926
1821.09	0.0764601843384924
1823.02	0.0790768843384928
1824.95	0.0760348843384926
1826.88	0.0768991843384925
1828.81	0.0798983843384926
1830.74	0.0745403843384929
1832.67	0.0726839843384925
1834.6	0.0796266843384927
1836.53	0.0815354843384926
1838.45	0.0777842843384926
1840.38	0.0822938843384926
1842.31	0.0906329843384928
1844.24	0.0871366843384926
1846.17	0.0784706843384928
1848.1	0.0782857843384925
1850.03	0.0817902843384926
1851.96	0.0852486843384925
1853.89	0.0892074843384925
1855.82	0.0902569843384926
1857.75	0.0863731843384925
1859.68	0.0835667843384926
1861.6	0.0877513843384925
1863.53	0.0969374843384925
1865.46	0.103874284338493
1867.39	0.100950284338493
1869.32	0.0903749843384927
1871.25	0.0862390843384926
1873.18	0.0889595843384927
1875.11	0.0910186843384926
1877.04	0.0920393843384928
1878.97	0.0956173843384929
1880.9	0.0990979843384925
1882.82	0.0987149843384927
1884.75	0.0990158843384927
1886.68	0.103112984338493
1888.61	0.105072584338493
1890.54	0.104215084338493
1892.47	0.107389484338493
1894.4	0.110048884338493
1896.33	0.105019184338492
1898.26	0.100517584338493
1900.19	0.103681884338493
1902.12	0.108088484338493
1904.05	0.109946984338493
1905.97	0.113221884338492
1907.9	0.115259184338492
1909.83	0.111209884338493
1911.76	0.109925184338493
1913.69	0.117585184338493
1915.62	0.122622184338493
1917.55	0.116828184338493
1919.48	0.112861484338493
1921.41	0.116701184338493
1923.34	0.118512184338493
1925.27	0.117215184338493
1927.19	0.117999184338493
1929.12	0.119996184338492
1931.05	0.122623184338493
1932.98	0.123855184338493
1934.91	0.120897184338493
1936.84	0.120634184338493
1938.77	0.127366184338493
1940.7	0.131149184338493
1942.63	0.125638184338493
1944.56	0.118700184338493
1946.49	0.116083184338493
1948.41	0.118332184338493
1950.34	0.124868184338493
1952.27	0.132208184338493
1954.2	0.140731184338493
1956.13	0.150742184338493
1958.06	0.151457184338493
1959.99	0.139600184338493
1961.92	0.132922184338493
1963.85	0.139656184338492
1965.78	0.143678184338493
1967.71	0.135440184338492
1969.64	0.129592184338493
1971.56	0.133648184338492
1973.49	0.138684184338493
1975.42	0.141278184338493
1977.35	0.145708184338492
1979.28	0.148363184338493
1981.21	0.143832184338493
1983.14	0.137903184338493
1985.07	0.136459184338493
1987	0.137255184338493
1988.93	0.139345184338493
1990.86	0.142718184338493
1992.78	0.141872184338493
1994.71	0.136889184338493
1996.64	0.134685184338493
1998.57	0.135684184338493
2000.5	0.137421184338493
2002.43	0.139777184338493
2004.36	0.140193184338492
2006.29	0.138771184338493
2008.22	0.140534184338493
2010.15	0.143520184338493
2012.08	0.143274184338493
2014.01	0.142957184338492
2015.93	0.142510184338493
2017.86	0.138214184338493
2019.79	0.136436184338493
2021.72	0.142417184338492
2023.65	0.148228184338493
2025.58	0.148521184338493
2027.51	0.148354184338493
2029.44	0.146881184338493
2031.37	0.139145184338493
2033.3	0.132122184338493
2035.23	0.133671184338493
2037.15	0.138286184338493
2039.08	0.140487184338493
2041.01	0.142700184338493
2042.94	0.143626184338493
2044.87	0.141081184338493
2046.8	0.138812184338493
2048.73	0.136659184338493
2050.66	0.132117184338493
2052.59	0.130431184338493
2054.52	0.135134184338493
2056.45	0.139551184338492
2058.37	0.137655184338493
2060.3	0.131564184338492
2062.23	0.125146184338492
2064.16	0.120216184338493
2066.09	0.117778184338493
2068.02	0.118340184338493
2069.95	0.121869184338493
2071.88	0.126644184338493
2073.81	0.128684184338493
2075.74	0.126474184338492
2077.67	0.124034184338492
2079.6	0.124470184338493
2081.52	0.124544184338493
2083.45	0.120432184338493
2085.38	0.114726184338493
2087.31	0.112599884338493
2089.24	0.114587184338493
2091.17	0.117270184338492
2093.1	0.119031184338493
2095.03	0.120645184338493
2096.96	0.122121184338493
2098.89	0.124141184338493
2100.82	0.128210184338493
2102.74	0.131216184338493
2104.67	0.127783184338492
2106.6	0.120564184338493
2108.53	0.118193184338493
2110.46	0.122920184338493
2112.39	0.127574184338493
2114.32	0.124941184338493
2116.25	0.117101184338493
2118.18	0.111778584338493
2120.11	0.111482984338493
2122.04	0.112708384338493
2123.97	0.114495184338493
2125.89	0.119207184338493
2127.82	0.125575184338492
2129.75	0.130306184338493
2131.68	0.133880184338492
2133.61	0.137204184338493
2135.54	0.138432184338493
2137.47	0.137596184338493
2139.4	0.137755184338493
2141.33	0.139887184338493
2143.26	0.140972184338493
2145.19	0.139142184338493
2147.11	0.138003184338493
2149.04	0.139910184338492
2150.97	0.141794184338492
2152.9	0.144935184338493
2154.83	0.152626184338493
2156.76	0.156574184338492
2158.69	0.150448184338493
2160.62	0.144630184338493
2162.55	0.143724184338493
2164.48	0.140690184338493
2166.41	0.138874184338493
2168.33	0.144385184338493
2170.26	0.149350184338493
2172.19	0.148459184338493
2174.12	0.148490184338493
2176.05	0.150069184338493
2177.98	0.146583184338493
2179.91	0.139864184338493
2181.84	0.137474184338493
2183.77	0.140661184338493
2185.7	0.144153184338493
2187.63	0.144051184338493
2189.56	0.141845184338492
2191.48	0.138747184338493
2193.41	0.132827184338493
2195.34	0.126667184338493
2197.27	0.125795184338493
2199.2	0.128112184338493
2201.13	0.129736184338493
2203.06	0.133883184338492
2204.99	0.140046184338493
2206.92	0.140503184338493
2208.85	0.134443184338493
2210.78	0.128272184338493
2212.7	0.125664184338492
2214.63	0.125946184338493
2216.56	0.125663184338493
2218.49	0.125399184338493
2220.42	0.130960184338492
2222.35	0.138486184338493
2224.28	0.136684184338493
2226.21	0.128758184338493
2228.14	0.125113184338493
2230.07	0.124791184338493
2232	0.124612184338493
2233.93	0.126622184338493
2235.85	0.129156184338493
2237.78	0.128938184338493
2239.71	0.127953184338493
2241.64	0.127405184338492
2243.57	0.126858184338493
2245.5	0.126311184338493
2247.43	0.125765184338493
2249.36	0.125220184338493
2251.29	0.124675184338493
2253.22	0.124131184338493
2255.15	0.123587184338493
2257.07	0.123045184338493
2259	0.122502184338493
2260.93	0.121961184338493
2262.86	0.121420184338493
2264.79	0.120880184338493
2266.72	0.120340184338493
2268.65	0.119801184338493
2270.58	0.119263184338493
2272.51	0.118725184338492
2274.44	0.118188184338492
2276.37	0.117652184338493
2278.29	0.117116184338493
2280.22	0.116581184338493
2282.15	0.116046184338493
2284.08	0.115512184338493
2286.01	0.114979184338493
2287.94	0.114447184338493
2289.87	0.113914184338493
2291.8	0.113383284338493
2293.73	0.112852484338493
2295.66	0.112322284338493
2297.59	0.111792784338493
2299.52	0.111263884338493
2301.44	0.110735484338492
2303.37	0.110207784338493
2305.3	0.109680684338493
2307.23	0.109154284338493
2309.16	0.108628384338493
2311.09	0.108103084338492
2313.02	0.107578384338493
2314.95	0.107054384338493
2316.88	0.106530884338492
2318.81	0.106007984338492
2320.74	0.105485784338493
2322.66	0.104964084338492
2324.59	0.104443084338492
2326.52	0.103922584338493
2328.45	0.103402684338493
2330.38	0.102883384338493
2332.31	0.102364684338493
2334.24	0.101846584338493
2336.17	0.101329084338493
2338.1	0.100812184338493
2340.03	0.100295784338493
2341.96	0.0997800843384926
2343.89	0.0992648843384925
2345.81	0.0987502843384926
2347.74	0.0982362843384927
2349.67	0.0977227843384925
2351.6	0.0972099843384928
2353.53	0.0966976843384928
2355.46	0.0961859843384927
2357.39	0.0956747843384926
2359.32	0.0951642843384928
2361.25	0.0946542843384925
2363.18	0.0941448843384927
2365.11	0.0936359843384929
2367.03	0.0931276843384925
2368.96	0.0926199843384925
2370.89	0.0921127843384926
2372.82	0.0916061843384925
2374.75	0.0911001843384924
2376.68	0.0905946843384928
2378.61	0.0900897843384927
2380.54	0.0895854843384924
2382.47	0.0890816843384927
2384.4	0.0885783843384926
2386.33	0.0880756843384924
2388.26	0.0875735843384926
2390.18	0.0870719843384928
2392.11	0.0865709843384925
2394.04	0.0860704843384927
2395.97	0.0855704843384926
2397.9	0.0850710843384928
2399.83	0.0845722843384928
2401.76	0.0850480843384926
2403.69	0.0890608843384926
2405.62	0.0922154843384928
2407.55	0.0919897843384927
2409.48	0.0912431843384929
2411.4	0.0912041843384928
2413.33	0.0902234843384928
2415.26	0.0886367843384925
2417.19	0.0885939843384929
2419.12	0.0902863843384925
2421.05	0.0918316843384925
2422.98	0.0924234843384926
2424.91	0.0924130843384927
2426.84	0.0911640843384927
2428.77	0.0893365843384926
2430.7	0.0903177843384926
2432.62	0.0946657843384928
2434.55	0.0981456843384927
2436.48	0.0980396843384925
2438.41	0.0955925843384926
2440.34	0.0925550843384926
2442.27	0.0903898843384927
2444.2	0.0904751843384926
2446.13	0.0925335843384927
2448.06	0.0943352843384928
2449.99	0.0940001843384928
2451.92	0.0928091843384928
2453.85	0.0928930843384927
2455.77	0.0925354843384927
2457.7	0.0904422843384927
2459.63	0.0903401843384928
2461.56	0.0929035843384924
2463.49	0.0930404843384927
2465.42	0.0905839843384926
2467.35	0.0901709843384926
2469.28	0.0913061843384928
2471.21	0.0909980843384925
2473.14	0.0907298843384927
2475.07	0.0928282843384927
2476.99	0.0956814843384928
2478.92	0.0967362843384927
2480.85	0.0968907843384925
2482.78	0.0985700843384927
2484.71	0.101169784338492
2486.64	0.101769084338493
2488.57	0.0989569843384928
2490.5	0.0947160843384927
2492.43	0.0933505843384927
2494.36	0.0961354843384927
2496.29	0.0986937843384927
2498.22	0.0980908843384927
2500.14	0.0969219843384925
2502.07	0.0970864843384924
2504	0.0972793843384925
2505.93	0.0969901843384928
2507.86	0.0974608843384925
2509.79	0.0988075843384926
2511.72	0.0988535843384928
2513.65	0.0966946843384928
2515.58	0.0950582843384926
2517.51	0.0963917843384925
2519.44	0.100253084338493
2521.36	0.103719584338493
2523.29	0.102192284338493
2525.22	0.0960769843384925
2527.15	0.0928629843384927
2529.08	0.0955379843384927
2531.01	0.0992288843384928
2532.94	0.100782584338493
2534.87	0.100142084338493
2536.8	0.0969641843384927
2538.73	0.0931267843384926
2540.66	0.0914809843384927
2542.58	0.0922275843384925
2544.51	0.0934244843384926
2546.44	0.0927008843384924
2548.37	0.0911612843384928
2550.3	0.0929799843384926
2552.23	0.0968919843384928
2554.16	0.0972408843384929
2556.09	0.0942195843384925
2558.02	0.0916654843384928
2559.95	0.0902483843384925
2561.88	0.0901336843384928
2563.81	0.0914269843384927
2565.73	0.0915456843384925
2567.66	0.0897834843384926
2569.59	0.0899524843384927
2571.52	0.0933975843384927
2573.45	0.0955702843384927
2575.38	0.0937804843384926
2577.31	0.0920976843384929
2579.24	0.0933603843384927
2581.17	0.0942662843384925
2583.1	0.0928562843384926
2585.03	0.0913200843384927
2586.95	0.0899806843384927
2588.88	0.0882867843384925
2590.81	0.0879848843384927
2592.74	0.0888286843384924
2594.67	0.0880110843384925
2596.6	0.0854506843384928
2598.53	0.0837033843384924
2600.46	0.0843136843384928
2602.39	0.0864724843384925
2604.32	0.0878288843384927
2606.25	0.0871654843384926
2608.18	0.0852145843384928
2610.1	0.0830576843384927
2612.03	0.0817595843384926
2613.96	0.0808288843384926
2615.89	0.0783287843384928
2617.82	0.0761249843384926
2619.75	0.0779814843384927
2621.68	0.0814087843384925
2623.61	0.0816558843384927
2625.54	0.0803240843384927
2627.47	0.0802362843384925
2629.4	0.0797896843384929
2631.32	0.0781743843384928
2633.25	0.0770253843384925
2635.18	0.0758417843384929
2637.11	0.0734434843384926
2639.04	0.0715226843384928
2640.97	0.0716530843384926
2642.9	0.0729234843384927
2644.83	0.0742470843384928
2646.76	0.0746110843384926
2648.69	0.0728602843384927
2650.62	0.0702954843384926
2652.54	0.0692918843384929
2654.47	0.0700109843384928
2656.4	0.0720505843384927
2658.33	0.0744938843384926
2660.26	0.0742319843384927
2662.19	0.0708629843384925
2664.12	0.0685800843384925
2666.05	0.0688419843384929
2667.98	0.0689693843384926
2669.91	0.0682599843384928
2671.84	0.0683211843384925
2673.77	0.0694906843384926
2675.69	0.0707384843384928
2677.62	0.0708498843384926
2679.55	0.0695490843384925
2681.48	0.0682884843384928
2683.41	0.0689198843384928
2685.34	0.0716804843384926
2687.27	0.0744761843384927
2689.2	0.0746628843384927
2691.13	0.0723470843384928
2693.06	0.0699425843384929
2694.99	0.0686467843384926
2696.91	0.0681271843384925
2698.84	0.0680745843384925
2700.77	0.0682718843384929
2702.7	0.0689871843384928
2704.63	0.0708332843384927
2706.56	0.0729363843384925
2708.49	0.0733998843384929
2710.42	0.0721116843384926
2712.35	0.0708292843384926
2714.28	0.0706206843384924
2716.21	0.0707773843384927
2718.14	0.0703126843384925
2720.06	0.0696648843384926
2721.99	0.0700359843384928
2723.92	0.0715457843384928
2725.85	0.0730229843384929
2727.78	0.0732213843384928
2729.71	0.0721854843384926
2731.64	0.0715118843384928
2733.57	0.0721042843384927
2735.5	0.0726889843384928
2737.43	0.0723976843384926
2739.36	0.0722549843384925
2741.28	0.0726571843384924
2743.21	0.0729532843384928
2745.14	0.0734810843384928
2747.07	0.0746602843384925
2749	0.0754874843384927
2750.93	0.0752550843384925
2752.86	0.0748001843384927
2754.79	0.0745260843384927
2756.72	0.0733568843384926
2758.65	0.0715081843384926
2760.58	0.0715525843384928
2762.51	0.0739675843384928
2764.43	0.0753471843384927
2766.36	0.0740548843384925
2768.29	0.0730265843384927
2770.22	0.0745759843384928
2772.15	0.0770117843384925
2774.08	0.0778501843384927
2776.01	0.0773855843384927
2777.94	0.0772995843384927
2779.87	0.0775641843384927
2781.8	0.0773431843384929
2783.73	0.0771740843384925
2785.65	0.0774413843384925
2787.58	0.0773801843384927
2789.51	0.0772222843384927
2791.44	0.0777915843384926
2793.37	0.0782405843384928
2795.3	0.0777692843384927
2797.23	0.0778212843384924
2799.16	0.0794314843384925
2801.09	0.0809650843384926
2803.02	0.0811336843384924
2804.95	0.0809746843384929
2806.87	0.0807837843384926
2808.8	0.0796415843384928
2810.73	0.0787844843384926
2812.66	0.0801329843384928
2814.59	0.0824080843384927
2816.52	0.0832368843384925
2818.45	0.0828030843384928
2820.38	0.0826415843384924
2822.31	0.0834958843384928
2824.24	0.0852070843384927
2826.17	0.0870508843384927
2828.1	0.0885344843384925
2830.02	0.0899014843384927
2831.95	0.0911593843384928
2833.88	0.0919823843384928
2835.81	0.0932776843384926
2837.74	0.0965940843384927
2839.67	0.101572384338493
2841.6	0.106796784338492
2843.53	0.113021384338493
2845.46	0.121702184338492
2847.39	0.130513184338493
2849.32	0.135388184338493
2851.24	0.137254184338492
2853.17	0.139566184338493
2855.1	0.140313184338493
2857.03	0.135752184338493
2858.96	0.128238184338493
2860.89	0.121408184338493
2862.82	0.115646184338493
2864.75	0.112487684338493
2866.68	0.112779184338493
2868.61	0.112436784338493
2870.54	0.109101884338493
2872.47	0.105979484338492
2874.39	0.105032084338493
2876.32	0.104891884338493
2878.25	0.104451984338493
2880.18	0.104203184338493
2882.11	0.105726884338493
2884.04	0.108560284338493
2885.97	0.109533684338493
2887.9	0.108921984338493
2889.83	0.110093384338493
2891.76	0.112303784338493
2893.69	0.113460884338493
2895.61	0.115638184338493
2897.54	0.120247184338492
2899.47	0.125081184338493
2901.4	0.128697184338493
2903.33	0.131271184338493
2905.26	0.132962184338493
2907.19	0.135068184338493
2909.12	0.139613184338493
2911.05	0.147006184338493
2912.98	0.155819184338493
2914.91	0.164484184338493
2916.83	0.172957184338493
2918.76	0.181738184338493
2920.69	0.188877184338493
2922.62	0.191370184338493
2924.55	0.189527184338492
2926.48	0.185567184338493
2928.41	0.179867184338493
2930.34	0.172129184338492
2932.27	0.163111184338493
2934.2	0.153824184338493
2936.13	0.145197184338492
2938.06	0.137935184338493
2939.98	0.132056184338493
2941.91	0.127343184338493
2943.84	0.123297184338492
2945.77	0.119113184338492
2947.7	0.115582184338493
2949.63	0.115019184338493
2951.56	0.117177184338493
2953.49	0.118461184338493
2955.42	0.117363184338493
2957.35	0.116439184338493
2959.28	0.117183184338493
2961.2	0.118101184338493
2963.13	0.117959184338493
2965.06	0.116204184338493
2966.99	0.112693384338493
2968.92	0.109505884338493
2970.85	0.108134884338493
2972.78	0.106555384338493
2974.71	0.103860684338493
2976.64	0.102018484338493
2978.57	0.101012484338493
2980.5	0.0996885843384927
2982.43	0.0989176843384927
2984.35	0.0985357843384929
2986.28	0.0970683843384927
2988.21	0.0954265843384925
2990.14	0.0946412843384925
2992.07	0.0935691843384925
2994	0.0923684843384929
2995.93	0.0923068843384924
2997.86	0.0927698843384928
2999.79	0.0934967843384928
3001.72	0.0953037843384927
3003.65	0.0967099843384926
3005.57	0.0962265843384928
3007.5	0.0959827843384926
3009.43	0.0975233843384928
3011.36	0.0994286843384926
3013.29	0.100970384338493
3015.22	0.101680884338493
3017.15	0.100180884338493
3019.08	0.0984936843384925
3021.01	0.100027684338493
3022.94	0.102131084338493
3024.87	0.100445284338493
3026.79	0.0976496843384926
3028.72	0.0975589843384927
3030.65	0.0977969843384927
3032.58	0.0962095843384927
3034.51	0.0951538843384925
3036.44	0.0949562843384926
3038.37	0.0932485843384927
3040.3	0.0907910843384925
3042.23	0.0899262843384925
3044.16	0.0905249843384928
3046.09	0.0915402843384925
3048.02	0.0920101843384926
3049.94	0.0907486843384926
3051.87	0.0888474843384928
3053.8	0.0888995843384928
3055.73	0.0906469843384925
3057.66	0.0918883843384926
3059.59	0.0923058843384927
3061.52	0.0926199843384925
3063.45	0.0925465843384927
3065.38	0.0916523843384929
3067.31	0.0905172843384925
3069.24	0.0906197843384926
3071.16	0.0922997843384925
3073.09	0.0932100843384926
3075.02	0.0921883843384927
3076.95	0.0922210843384925
3078.88	0.0942890843384925
3080.81	0.0941972843384926
3082.74	0.0909866843384926
3084.67	0.0898164843384928
3086.6	0.0926777843384925
3088.53	0.0949324843384924
3090.46	0.0926080843384924
3092.39	0.0877311843384927
3094.31	0.0849007843384926
3096.24	0.0857135843384929
3098.17	0.0880865843384928
3100.1	0.0900107843384927
3102.03	0.0913072843384928
3103.96	0.0921857843384926
3105.89	0.0927840843384926
3107.82	0.0938009843384928
3109.75	0.0956070843384929
3111.68	0.0965113843384926
3113.61	0.0943067843384928
3115.53	0.0904130843384925
3117.46	0.0888251843384928
3119.39	0.0905270843384929
3121.32	0.0930169843384925
3123.25	0.0941033843384926
3125.18	0.0935565843384927
3127.11	0.0925723843384927
3129.04	0.0919578843384925
3130.97	0.0912919843384925
3132.9	0.0911392843384928
3134.83	0.0930629843384927
3136.75	0.0959584843384929
3138.68	0.0960641843384926
3140.61	0.0918612843384925
3142.54	0.0873496843384927
3144.47	0.0876791843384925
3146.4	0.0913858843384925
3148.33	0.0925826843384927
3150.26	0.0908724843384925
3152.19	0.0903379843384928
3154.12	0.0913757843384926
3156.05	0.0919828843384924
3157.98	0.0921399843384925
3159.9	0.0924792843384927
3161.83	0.0926595843384925
3163.76	0.0918270843384925
3165.69	0.0900919843384926
3167.62	0.0893774843384927
3169.55	0.0903462843384926
3171.48	0.0908465843384927
3173.41	0.0901147843384926
3175.34	0.0901492843384926
3177.27	0.0919520843384927
3179.2	0.0938497843384924
3181.12	0.0936197843384927
3183.05	0.0921343843384927
3184.98	0.0926296843384926
3186.91	0.0942776843384925
3188.84	0.0927730843384929
3190.77	0.0891180843384927
3192.7	0.0881537843384925
3194.63	0.0901959843384925
3196.56	0.0925287843384925
3198.49	0.0942372843384924
3200.42	0.0953714843384925
3202.35	0.0959163843384925
3204.27	0.0954230843384924
3206.2	0.0931448843384928
3208.13	0.0907879843384927
3210.06	0.0909185843384925
3211.99	0.0923096843384927
3213.92	0.0930010843384927
3215.85	0.0940562843384924
3217.78	0.0952016843384929
3219.71	0.0938891843384928
3221.64	0.0912020843384926
3223.57	0.0911363843384927
3225.49	0.0934175843384928
3227.42	0.0937561843384929
3229.35	0.0920244843384928
3231.28	0.0928482843384928
3233.21	0.0961081843384926
3235.14	0.0969737843384926
3237.07	0.0960844843384927
3239	0.0975976843384925
3240.93	0.0997598843384928
3242.86	0.0987391843384926
3244.79	0.0958028843384926
3246.72	0.0937712843384926
3248.64	0.0930272843384925
3250.57	0.0925978843384927
3252.5	0.0916361843384927
3254.43	0.0915545843384926
3256.36	0.0942828843384929
3258.29	0.0970124843384927
3260.22	0.0960569843384929
3262.15	0.0937869843384926
3264.08	0.0932231843384925
3266.01	0.0932137843384928
3267.94	0.0937411843384925
3269.86	0.0953953843384925
3271.79	0.0951700843384926
3273.72	0.0926489843384926
3275.65	0.0921259843384927
3277.58	0.0932279843384927
3279.51	0.0923500843384928
3281.44	0.0916984843384925
3283.37	0.0943049843384927
3285.3	0.0975005843384928
3287.23	0.0989066843384925
3289.16	0.0989163843384926
3291.08	0.0965045843384926
3293.01	0.0930053843384928
3294.94	0.0937483843384928
3296.87	0.0980677843384927
3298.8	0.0986045843384926
3300.73	0.0949838843384927
3302.66	0.0943534843384928
3304.59	0.0974132843384927
3306.52	0.0982237843384928
3308.45	0.0957193843384925
3310.38	0.0942247843384925
3312.31	0.0956093843384926
3314.23	0.0980709843384928
3316.16	0.0988205843384926
3318.09	0.0962093843384926
3320.02	0.0923659843384925
3321.95	0.0908316843384926
3323.88	0.0908550843384925
3325.81	0.0905252843384927
3327.74	0.0925187843384925
3329.67	0.0975034843384925
3331.6	0.0995712843384928
3333.53	0.0967644843384927
3335.45	0.0940175843384927
3337.38	0.0925233843384925
3339.31	0.0905017843384925
3341.24	0.0901203843384928
3343.17	0.0925307843384928
3345.1	0.0952002843384925
3347.03	0.0978597843384925
3348.96	0.100957284338492
3350.89	0.101316984338493
3352.82	0.0979276843384929
3354.75	0.0950283843384927
3356.68	0.0948153843384927
3358.6	0.0951398843384927
3360.53	0.0955209843384925
3362.46	0.0974758843384929
3364.39	0.0994190843384928
3366.32	0.0985981843384924
3368.25	0.0967835843384925
3370.18	0.0980309843384926
3372.11	0.102127284338493
3374.04	0.103937584338493
3375.97	0.100806684338492
3377.9	0.0974723843384928
3379.82	0.0977592843384927
3381.75	0.0980939843384925
3383.68	0.0959526843384926
3385.61	0.0944089843384925
3387.54	0.0948581843384928
3389.47	0.0958850843384926
3391.4	0.0962131843384926
3393.33	0.0944466843384926
3395.26	0.0922434843384927
3397.19	0.0927514843384927
3399.12	0.0946291843384928
3401.04	0.0961543843384924
3402.97	0.0977890843384928
3404.9	0.0976084843384926
3406.83	0.0958265843384924
3408.76	0.0964801843384926
3410.69	0.0982995843384926
3412.62	0.0977952843384928
3414.55	0.0976183843384928
3416.48	0.0996640843384928
3418.41	0.100085184338492
3420.34	0.0964336843384928
3422.27	0.0920259843384925
3424.19	0.0919125843384925
3426.12	0.0960252843384928
3428.05	0.0988954843384926
3429.98	0.0986204843384928
3431.91	0.0986672843384926
3433.84	0.0985884843384928
3435.77	0.0964069843384925
3437.7	0.0954404843384928
3439.63	0.0972019843384926
3441.56	0.0984126843384927
3443.49	0.0982849843384925
3445.41	0.0974561843384927
3447.34	0.0954218843384926
3449.27	0.0945323843384926
3451.2	0.0954400843384926
3453.13	0.0945725843384926
3455.06	0.0933206843384928
3456.99	0.0960055843384926
3458.92	0.0991335843384928
3460.85	0.0982079843384924
3462.78	0.0963932843384927
3464.71	0.0950398843384925
3466.64	0.0915243843384927
3468.56	0.0889638843384928
3470.49	0.0911803843384926
3472.42	0.0949022843384926
3474.35	0.0976687843384925
3476.28	0.101348784338493
3478.21	0.104046384338492
3480.14	0.101619984338493
3482.07	0.0962703843384927
3484	0.0938856843384928
3485.93	0.0952263843384928
3487.86	0.0966541843384925
3489.78	0.0965381843384927
3491.71	0.0975150843384927
3493.64	0.0999797843384926
3495.57	0.0994039843384926
3497.5	0.0963722843384924
3499.43	0.0967099843384926
3501.36	0.0973120843384927
3503.29	0.0932140843384928
3505.22	0.0932291843384925
3507.15	0.0999484843384928
3509.08	0.0994219843384925
3511	0.0911893843384926
3512.93	0.0914260843384929
3514.86	0.0976183843384928
3516.79	0.0973810843384926
3518.72	0.0960863843384927
3520.65	0.101233184338493
3522.58	0.105478184338493
3524.51	0.105022884338493
3526.44	0.104219684338493
3528.37	0.100234584338493
3530.3	0.0931318843384927
3532.23	0.0918061843384925
3534.15	0.0967127843384925
3536.08	0.0990367843384927
3538.01	0.0964902843384925
3539.94	0.0983215843384926
3541.87	0.108397084338493
3543.8	0.113037284338493
3545.73	0.0989339843384927
3547.66	0.0850544843384928
3549.59	0.0892100843384926
3551.52	0.0974843843384927
3553.45	0.0959220843384925
3555.37	0.0954936843384928
3557.3	0.101739984338493
3559.23	0.102786784338493
3561.16	0.101040384338493
3563.09	0.111881184338493
3565.02	0.121730184338493
3566.95	0.0998093843384926
3568.88	0.0772097843384927
3570.81	0.0854892843384927
3572.74	0.100148384338492
3574.67	0.102751284338493
3576.6	0.101852884338493
3578.52	0.102991184338493
3580.45	0.103562784338493
3582.38	0.111423984338493
3584.31	0.124563184338493
3586.24	0.119487184338493
3588.17	0.0971701843384927
3590.1	0.0941245843384926
3592.03	0.104352484338493
3593.96	0.103836884338492
3595.89	0.0968522843384925
3597.82	0.100030984338493
3599.74	0.105641284338493
3601.67	0.107240384338493
3603.6	0.113623584338493
3605.53	0.120099184338493
3607.46	0.113734084338493
3609.39	0.103861484338493
3611.32	0.103179884338493
3613.25	0.103081184338492
3615.18	0.101704284338493
3617.11	0.102109684338493
3619.04	0.0939001843384926
3620.97	0.0844559843384927
3622.89	0.0974568843384929
3624.82	0.123907184338492
3626.75	0.128699184338493
3628.68	0.0929900843384925
3630.61	0.0759180843384928
3632.54	0.0920716843384928
3634.47	0.103462884338493
3636.4	0.100819684338493
3638.33	0.0972229843384929
3640.26	0.0979521843384927
3642.19	0.104405584338493
3644.11	0.119733184338493
3646.04	0.134536184338493
3647.97	0.116981184338492
3649.9	0.0726589843384926
3651.83	0.0689803843384929
3653.76	0.0898401843384926
3655.69	0.0993117843384925
3657.62	0.0931723843384926
3659.55	0.0912950843384928
3661.48	0.0936539843384927
3663.41	0.100223784338493
3665.33	0.120597184338493
3667.26	0.140206184338493
3669.19	0.131112184338493
3671.12	0.119340184338493
3673.05	0.126647184338493
3674.98	0.106012584338492
3676.91	0.0683926843384928
3678.84	0.0713440843384925
3680.77	0.0910918843384927
3682.7	0.106697084338493
3684.63	0.125090184338493
3686.56	0.137945184338493
3688.48	0.114846184338492
3690.41	0.0791060843384925
3692.34	0.0803472843384925
3694.27	0.0982567843384925
3696.2	0.110224484338493
3698.13	0.115106184338493
3700.06	0.112964184338493
3701.99	0.100936884338493
3703.92	0.0925289843384927
3705.85	0.102509184338493
3707.78	0.121209184338493
3709.7	0.117472184338493
3711.63	0.0847126843384927
3713.56	0.0767562843384928
3715.49	0.0986934843384928
3717.42	0.117928184338493
3719.35	0.119884184338493
3721.28	0.114267184338493
3723.21	0.105852784338493
3725.14	0.0923457843384927
3727.07	0.0899182843384927
3729	0.105333184338493
3730.93	0.120587184338492
3732.85	0.114912184338493
3734.78	0.0855898843384928
3736.71	0.0654667843384926
3738.64	0.0808806843384926
3740.57	0.117725184338493
3742.5	0.140971184338493
3744.43	0.118839184338493
3746.36	0.100173484338493
3748.29	0.116353184338493
3750.22	0.114977184338493
3752.15	0.0817817843384927
3754.07	0.0773472843384928
3756	0.0891870843384925
3757.93	0.0865852843384927
3759.86	0.0801782843384928
3761.79	0.0919214843384926
3763.72	0.107057784338493
3765.65	0.108920184338493
3767.58	0.103353584338493
3769.51	0.0940785843384928
3771.44	0.0813840843384925
3773.37	0.0832152843384928
3775.29	0.102173184338493
3777.22	0.114057184338493
3779.15	0.102604584338493
3781.08	0.0908363843384925
3783.01	0.0919445843384925
3784.94	0.0928260843384927
3786.87	0.0896921843384928
3788.8	0.0914604843384925
3790.73	0.103072884338493
3792.66	0.119876184338493
3794.59	0.128508184338493
3796.52	0.123942184338492
3798.44	0.116256184338493
3800.37	0.100372584338493
3802.3	0.0782556843384925
3804.23	0.0789728843384925
3806.16	0.0911539843384928
3808.09	0.0889633843384927
3810.02	0.0913346843384928
3811.95	0.111501184338493
3813.88	0.126347184338492
3815.81	0.118827184338492
3817.74	0.111505984338493
3819.66	0.107130784338493
3821.59	0.0928567843384926
3823.52	0.0887064843384926
3825.45	0.0964235843384929
3827.38	0.102987684338493
3829.31	0.110030484338493
3831.24	0.120397184338493
3833.17	0.128465184338493
3835.1	0.125537184338492
3837.03	0.101736684338493
3838.96	0.0716661843384925
3840.89	0.0673430843384928
3842.81	0.0782329843384928
3844.74	0.0872188843384927
3846.67	0.105514484338493
3848.6	0.139162184338493
3850.53	0.166423184338492
3852.46	0.141041184338493
3854.39	0.0832009843384927
3856.32	0.0741976843384928
3858.25	0.0958059843384929
3860.18	0.114436184338492
3862.11	0.113586184338493
3864.03	0.103399084338493
3865.96	0.104015484338493
3867.89	0.110309584338493
3869.82	0.112483384338493
3871.75	0.105910684338493
3873.68	0.0945578843384927
3875.61	0.0951953843384925
3877.54	0.108193584338493
3879.47	0.112706284338493
3881.4	0.102584784338493
3883.33	0.0966435843384925
3885.25	0.0983800843384928
3887.18	0.106110984338493
3889.11	0.116058184338493
3891.04	0.108751684338493
3892.97	0.0922412843384928
3894.9	0.101992984338493
3896.83	0.127371184338493
3898.76	0.131870184338493
3900.69	0.111195984338492
3902.62	0.0940822843384925
3904.55	0.0846134843384925
3906.48	0.0837360843384927
3908.4	0.0929512843384925
3910.33	0.104224384338492
3912.26	0.114048184338493
3914.19	0.122052184338493
3916.12	0.119578184338493
3918.05	0.106323284338492
3919.98	0.101525584338493
3921.91	0.106463184338493
3923.84	0.106930484338493
3925.77	0.105425884338493
3927.7	0.110367784338492
3929.62	0.110969584338493
3931.55	0.0965358843384925
3933.48	0.0824807843384927
3935.41	0.0865706843384926
3937.34	0.103417584338493
3939.27	0.116525184338493
3941.2	0.116630184338493
3943.13	0.111879584338493
3945.06	0.110486284338493
3946.99	0.105934984338492
3948.92	0.0959925843384926
3950.85	0.0926683843384928
3952.77	0.100546084338493
3954.7	0.109053284338493
3956.63	0.110541184338492
3958.56	0.109066384338492
3960.49	0.108811484338493
3962.42	0.107329984338493
3964.35	0.104887184338493
3966.28	0.103838984338493
3968.21	0.101316484338493
3970.14	0.0980309843384926
3972.07	0.100543184338493
3973.99	0.105871484338492
3975.92	0.106243084338493
3977.85	0.106407384338493
3979.78	0.110996384338493
3981.71	0.112559884338493
3983.64	0.109383884338492
3985.57	0.109843384338493
3987.5	0.114125184338493
3989.43	0.116919184338493
3991.36	0.118121184338493
3993.29	0.116157184338493
3995.22	0.110103084338493
3997.14	0.106234484338493
